4642
4540
4601
4623
4619
4659
4570
4657
4658
4598
4635
4641
4571
4645
4620
4602
4534
4596
4581
4610
4582
4523
4553
4473
4618
4562
4499
4565
4551
4566
4579
4559
4709
4591
4575
4533
4552
4627
4644
4582
4573
4650
4642
4583
4650
4652
4524
4543
4601
4569
4610
4598
4608
4624
4712
4685
4689
4599
4558
4636
4547
4673
4620
4622
4607
4649
4634
4586
4677
4709
4612
4603
4594
4554
4594
4678
4697
4609
4506
4535
4582
4605
4549
4671
4567
4600
4624
4545
4610
4503
4668
4594
4681
4684
4717
4625
4578
4620
4657
4629
4603
4583
4667
4619
4597
4662
4573
4690
4679
4516
4526
4531
4667
4628
4619
4694
4623
4535
4668
4634
4536
4603
4680
4548
4582
4597
4557
4544
4639
4653
4631
4685
4624
4559
4648
4644
4623
4593
4611
4613
4658
4648
4601
4596
4609
4639
4624
4640
4627
4651
4625
4729
4636
4576
4575
4574
4625
4617
4686
4574
4566
4656
4481
4654
4581
4560
4702
4711
4627
4621
4661
4588
4629
4553
4693
4566
4589
4481
4624
4542
4597
4529
4546
4516
4644
4649
4567
4668
4550
4707
4538
4647
4648
4598
4599
4626
4557
4551
4597
4635
4612
4573
4720
4696
4658
4698
4558
4572
4645
4677
4625
4627
4654
4543
4627
4572
4559
4576
4626
4663
4618
4638
4665
4557
4576
4731
4616
4645
4619
4627
4603
4624
4639
4607
4598
4611
4650
4486
4604
4558
4644
4619
4525
4596
4541
4590
4568
4596
4689
4738
4620
4600
4617
4596
4540
4680
4637
4584
4593
4638
4587
4645
4645
4614
4661
4574
4655
4695
4626
4607
4525
4656
4669
4601
4591
4602
4722
4678
4687
4601
4735
4607
4585
4507
4626
4532
4714
4578
4656
4589
4549
4628
4679
4611
4679
4585
4487
4647
4551
4620
4626
4648
4531
4620
4580
4587
4571
4599
4621
4552
4508
4670
4569
4637
4568
4678
4639
4620
4730
4544
4564
4532
4641
4591
4681
4617
4589
4562
4651
4599
4649
4648
4586
4483
4593
4514
4615
4600
4629
4587
4569
4586
4610
4651
4565
4601
4499
4509
4489
4646
4618
4484
4554
4612
4616
4664
4597
4614
4574
4653
4554
4555
4615
4625
4549
4683
4636
4617
4581
4573
4580
4622
4578
4662
4526
4549
4648
4590
4734
4579
4601
4638
4648
4595
4663
4625
4526
4609
4604
4683
4549
4637
4623
4626
4562
4704
4614
4609
4537
4612
4627
4568
4516
4530
4675
4624
4621
4593
4585
4423
4560
4676
4591
4583
4544
4648
4661
4628
4644
4571
4602
4642
4623
4482
4538
4573
4611
4624
4669
4634
4618
4653
4652
4606
4655
4661
4610
4625
4640
4589
4606
4572
4604
4595
4598
4603
4608
4605
4596
4544
4646
4637
4618
4572
4641
4580
4610
4657
4553
4590
4572
4653
4679
4628
4668
4577
4641
4538
4601
4590
4663
4574
4535
4599
4562
4609
4551
4616
4605
4630
4573
4693
4614
4524
4612
4760
4609
4614
4640
4595
4598
4634
4629
4509
4531
4706
4599
4568
4556
4636
